Season,Total Damage,Total Kills,Total Deaths,K/D Ratio,Total wins,Total Top 5 finish,Total Games Played,Highest Kills,Knockdowns,Assists,Teamates Revived,Allayna Playing,Teammates Respawned,Win Streak,Ranked Split 1,Ranked Split 2,Win rate%,Cal K/D,Top 5 %,kill/knock ratio
5,8332.0,20.0,50.0,0.4,1.0,12.0,49.0,5.0,21.0,12.0,6.0,no,0.0,1.0,,,2.04%,0.4,4.083333333333333,0.9523809523809523
6,2945.0,7.0,16.0,0.44,0.0,2.0,15.0,2.0,7.0,2.0,0.0,no,0.0,0.0,,,0%,0.4375,7.5,1.0
7,111421.0,234.0,543.0,0.43,19.0,139.0,525.0,5.0,318.0,179.0,68.0,no,15.0,2.0,,,3.62%,0.430939226519337,3.776978417266187,0.7358490566037735
             7R,32709.0,68.0,169.0,0.4,6.0,51.0,167.0,4.0,89.0,47.0,24.0,no,5.0,2.0,gold 4,silver 4,3.59%,0.40236686390532544,3.2745098039215685,0.7640449438202247
8,168498.0,383.0,811.0,0.47,24.0,200.0,773.0,8.0,522.0,271.0,144.0,no,31.0,2.0,,,3.10%,0.4722564734895191,3.865,0.7337164750957854
             8R,55867.0,127.0,308.0,0.41,8.0,72.0,292.0,5.0,182.0,96.0,50.0,no,9.0,2.0,bronze 1,gold 4,2.74%,0.41233766233766234,4.055555555555555,0.6978021978021978
9,103180.0,261.0,404.0,0.65,21.0,118.0,408.0,7.0,354.0,159.0,101.0,no,19.0,2.0,,,5.15%,0.6460396039603961,3.457627118644068,0.7372881355932204
9R,18689.0,49.0,66.0,0.74,9.0,28.0,64.0,4.0,62.0,29.0,17.0,no,3.0,2.0,bronze2,gold 4,14.06%,0.7424242424242424,2.2857142857142856,0.7903225806451613
10,64975.0,164.0,245.0,0.67,13.0,68.0,242.0,5.0,210.0,91.0,54.0,no,3.0,1.0,,,5.37%,0.6693877551020408,3.5588235294117645,0.780952380952381
10R,5910.0,11.0,16.0,0.69,1.0,4.0,15.0,3.0,12.0,8.0,3.0,no,0.0,1.0,silver 4,bronze4,6.67%,0.6875,3.75,0.9166666666666666
11,245509.0,549.0,825.0,0.67,37.0,221.0,815.0,7.0,738.0,357.0,263.0,no,37.0,2.0,,,4.54%,0.6654545454545454,3.6877828054298645,0.7439024390243902
11R,44620.0,90.0,151.0,0.6,4.0,39.0,140.0,5.0,128.0,62.0,57.0,no,10.0,1.0,gold 4,bronze 1,2.86%,0.5960264900662252,3.58974358974359,0.703125
12,411927.0,879.0,1357.0,0.65,52.0,332.0,1371.0,10.0,1168.0,485.0,299.0,no,62.0,2.0,,,3.79%,0.6477523949889462,4.129518072289157,0.752568493150685
12R,58278.0,127.0,153.0,0.83,12.0,54.0,156.0,6.0,154.0,100.0,42.0,no,5.0,1.0,silver 4,plat 4,7.69%,0.8300653594771242,2.888888888888889,0.8246753246753247
13,527042.0,1093.0,1660.0,0.66,58.0,394.0,1660.0,9.0,1476.0,768.0,413.0,no,88.0,2.0,,,3.49%,0.658433734939759,4.213197969543147,0.7405149051490515
13R,56508.0,100.0,177.0,0.56,2.0,43.0,171.0,5.0,145.0,97.0,45.0,no,13.0,1.0,bronze2,gold 4,1.17%,0.5649717514124294,3.9767441860465116,0.6896551724137931
14,558027.0,1320.0,1763.0,0.75,73.0,433.0,1778.0,8.0,1662.0,848.0,466.0,no,110.0,2.0,,,4.11%,0.7487237663074305,4.106235565819861,0.7942238267148014
14R,130063.0,241.0,424.0,0.57,24.0,145.0,432.0,6.0,332.0,219.0,139.0,no,26.0,1.0,plat4,plat4,5.56%,0.5683962264150944,2.9793103448275864,0.7259036144578314
15,561126.0,1232.0,1528.0,0.81,80.0,432.0,1571.0,11.0,1601.0,761.0,375.0,yes,93.0,2.0,,,5.09%,0.806282722513089,3.636574074074074,0.7695190505933791
15R,119075.0,191.0,346.0,0.55,17.0,94.0,336.0,4.0,270.0,168.0,92.0,no,29.0,1.0,plat 3,gold 3,5.06%,0.5520231213872833,3.574468085106383,0.7074074074074074
16,278138.0,583.0,986.0,0.59,41.0,271.0,964.0,7.0,778.0,437.0,195.0,yes,58.0,,,,4.25%,0.5912778904665315,3.5571955719557193,0.7493573264781491
16R,89229.0,162.0,304.0,0.53,13.0,88.0,289.0,5.0,235.0,151.0,85.0,no,29.0,2.0,gold 3,gold 3,4.50%,0.5328947368421053,3.284090909090909,0.6893617021276596
17,,,,,,,,,,,,,,,,,,,,
17R,96665.0,143.0,341.0,0.42,8.0,95.0,307.0,4.0,206.0,171.0,59.0,no,62.0,1.0,Master,Master,2.61%,0.41935483870967744,3.231578947368421,0.6941747572815534
