Season,Total Damage,Total Kills,Total Deaths,K/D Ratio,Total wins,Total Top 5 finish,Total Games Played,Highest Kills,Knockdowns,Assists,Teamates Revived,Allayna Playing,Teammates Respawned,Win Streak,Ranked Split 1,Ranked Split 2,Win rate%,Cal K/D,Top 5 %,kill/knock ratio,GamesPlayed/knock ratio,Average assists per match,Average damage per match
5,8332.0,20.0,50.0,0.4,1.0,12.0,49.0,5.0,21.0,12.0,6.0,no,0.0,1.0,,,2.04%,0.4,0.24489795918367346,0.9523809523809523,0.42857142857142855,0.24489795918367346,170.0408163265306
6,2945.0,7.0,16.0,0.44,0.0,2.0,15.0,2.0,7.0,2.0,0.0,no,0.0,0.0,,,0%,0.4375,0.13333333333333333,1.0,0.4666666666666667,0.13333333333333333,196.33333333333334
7,111421.0,234.0,543.0,0.43,19.0,139.0,525.0,5.0,318.0,179.0,68.0,no,15.0,2.0,,,3.62%,0.430939226519337,0.26476190476190475,0.7358490566037735,0.6057142857142858,0.34095238095238095,212.2304761904762
             7R,32709.0,68.0,169.0,0.4,6.0,51.0,167.0,4.0,89.0,47.0,24.0,no,5.0,2.0,gold 4,silver 4,3.59%,0.40236686390532544,0.30538922155688625,0.7640449438202247,0.5329341317365269,0.281437125748503,195.8622754491018
8,168498.0,383.0,811.0,0.47,24.0,200.0,773.0,8.0,522.0,271.0,144.0,no,31.0,2.0,,,3.10%,0.4722564734895191,0.258732212160414,0.7337164750957854,0.6752910737386805,0.35058214747736094,217.97930142302718
             8R,55867.0,127.0,308.0,0.41,8.0,72.0,292.0,5.0,182.0,96.0,50.0,no,9.0,2.0,bronze 1,gold 4,2.74%,0.41233766233766234,0.2465753424657534,0.6978021978021978,0.6232876712328768,0.3287671232876712,191.32534246575344
9,103180.0,261.0,404.0,0.65,21.0,118.0,408.0,7.0,354.0,159.0,101.0,no,19.0,2.0,,,5.15%,0.6460396039603961,0.28921568627450983,0.7372881355932204,0.8676470588235294,0.3897058823529412,252.8921568627451
9R,18689.0,49.0,66.0,0.74,9.0,28.0,64.0,4.0,62.0,29.0,17.0,no,3.0,2.0,bronze2,gold 4,14.06%,0.7424242424242424,0.4375,0.7903225806451613,0.96875,0.453125,292.015625
10,64975.0,164.0,245.0,0.67,13.0,68.0,242.0,5.0,210.0,91.0,54.0,no,3.0,1.0,,,5.37%,0.6693877551020408,0.2809917355371901,0.780952380952381,0.8677685950413223,0.3760330578512397,268.4917355371901
10R,5910.0,11.0,16.0,0.69,1.0,4.0,15.0,3.0,12.0,8.0,3.0,no,0.0,1.0,silver 4,bronze4,6.67%,0.6875,0.26666666666666666,0.9166666666666666,0.8,0.5333333333333333,394.0
11,245509.0,549.0,825.0,0.67,37.0,221.0,815.0,7.0,738.0,357.0,263.0,no,37.0,2.0,,,4.54%,0.6654545454545454,0.27116564417177913,0.7439024390243902,0.905521472392638,0.43803680981595094,301.2380368098159
11R,44620.0,90.0,151.0,0.6,4.0,39.0,140.0,5.0,128.0,62.0,57.0,no,10.0,1.0,gold 4,bronze 1,2.86%,0.5960264900662252,0.2785714285714286,0.703125,0.9142857142857143,0.44285714285714284,318.7142857142857
12,411927.0,879.0,1357.0,0.65,52.0,332.0,1371.0,10.0,1168.0,485.0,299.0,no,62.0,2.0,,,3.79%,0.6477523949889462,0.24215900802334062,0.752568493150685,0.8519328956965718,0.3537563822027717,300.45733041575494
12R,58278.0,127.0,153.0,0.83,12.0,54.0,156.0,6.0,154.0,100.0,42.0,no,5.0,1.0,silver 4,plat 4,7.69%,0.8300653594771242,0.34615384615384615,0.8246753246753247,0.9871794871794872,0.6410256410256411,373.5769230769231
13,527042.0,1093.0,1660.0,0.66,58.0,394.0,1660.0,9.0,1476.0,768.0,413.0,no,88.0,2.0,,,3.49%,0.658433734939759,0.23734939759036144,0.7405149051490515,0.8891566265060241,0.46265060240963857,317.4951807228916
13R,56508.0,100.0,177.0,0.56,2.0,43.0,171.0,5.0,145.0,97.0,45.0,no,13.0,1.0,bronze2,gold 4,1.17%,0.5649717514124294,0.25146198830409355,0.6896551724137931,0.847953216374269,0.5672514619883041,330.4561403508772
14,558027.0,1320.0,1763.0,0.75,73.0,433.0,1778.0,8.0,1662.0,848.0,466.0,no,110.0,2.0,,,4.11%,0.7487237663074305,0.2435320584926884,0.7942238267148014,0.9347581552305961,0.4769403824521935,313.85095613048367
14R,130063.0,241.0,424.0,0.57,24.0,145.0,432.0,6.0,332.0,219.0,139.0,no,26.0,1.0,plat4,plat4,5.56%,0.5683962264150944,0.33564814814814814,0.7259036144578314,0.7685185185185185,0.5069444444444444,301.07175925925924
15,561126.0,1232.0,1528.0,0.81,80.0,432.0,1571.0,11.0,1601.0,761.0,375.0,yes,93.0,2.0,,,5.09%,0.806282722513089,0.2749840865690643,0.7695190505933791,1.0190961171228516,0.48440483768300446,357.17759388924253
15R,119075.0,191.0,346.0,0.55,17.0,94.0,336.0,4.0,270.0,168.0,92.0,no,29.0,1.0,plat 3,gold 3,5.06%,0.5520231213872833,0.27976190476190477,0.7074074074074074,0.8035714285714286,0.5,354.38988095238096
16,278138.0,583.0,986.0,0.59,41.0,271.0,964.0,7.0,778.0,437.0,195.0,yes,58.0,,,,4.25%,0.5912778904665315,0.28112033195020747,0.7493573264781491,0.8070539419087137,0.4533195020746888,288.5248962655602
16R,89229.0,162.0,304.0,0.53,13.0,88.0,289.0,5.0,235.0,151.0,85.0,no,29.0,2.0,gold 3,gold 3,4.50%,0.5328947368421053,0.3044982698961938,0.6893617021276596,0.8131487889273357,0.5224913494809689,308.75086505190313
17,,,,,,,,,,,,,,,,,,,,,,,
17R,96665.0,143.0,341.0,0.42,8.0,95.0,307.0,4.0,206.0,171.0,59.0,no,62.0,1.0,Master,Master,2.61%,0.41935483870967744,0.30944625407166126,0.6941747572815534,0.6710097719869706,0.5570032573289903,314.8697068403909
